Tweed
Forest,SVegUG,SVegGNF,SVegF,Arable,Urban
Forest,SVegUG,SVegGNF,SVegF,Arable,Urban
0.001	0.001	0.001	0.001	0.001	0.001	
0.001	0.001	0.001	0.001	0.001	0.001	
1	1	1	3	3	1	
1.5	1.5	1.5	4	4	1.5	
0	0	0	0	0	0	
0	0	0	0	0	0	
1/1/1994
2557
0	0	0	0	0	0	
0	0	0	0	0	0	
0.1	0.005	0.05	0.005	0.02	0	
75	42	100	105	140	0	
0	0	0	0.33	0.43	0	
0.15	0.2	0.1	0.04	0.04	0	
0.125	0.125	0.16	0.25	0.25	0	
0.07	0.07	0.01	0.005	0.004	0	
0	0	0	0.33	0.43	0	
0.45	0.005	0.05	0.005	0.02	0	
60	60	60	60	60	0	
245	245	245	245	190	0	
0	0	0	60	60	0	
0	0	0	184	184	0	
300	300	300	300	300	300	
4.5	4.5	4.5	4.5	4.5	4.5	
9999	9999	9999	9999	9999	9999	
9999	9999	9999	9999	9999	9999	
9999	9999	9999	9999	9999	9999	
9999	9999	9999	9999	9999	9999	
9999	9999	9999	9999	9999	9999	
9999	9999	9999	9999	9999	9999	
2	2	2	2	2	2	
20	20	20	20	20	20	
0	0	0	0	0	0	
3	3	3	3	3	3	
0.3	0.3	0.3	0.3	0.3	0.3	
-0.025	-0.025	-0.025	-0.025	-0.025	-0.025	
0.7	0.7	0.7	0.7	0.7	0.7	
6.6	6.6	6.6	6.6	6.6	6.6	
0.66	0.66	0.66	0.66	0.66	0	
0.34	0.34	0.34	0.34	0.34	0	
2	2	2	2	2	2	
20	20	20	20	20	20	
2	2	2	2	2	2	
30	30	30	30	30	30	
2	2	2	2	2	2	
30	30	30	30	30	30	
2	2	2	2	2	2	
30	30	30	30	30	30	
2	2	2	2	2	2	
30	30	30	30	30	30	
2	2	2	2	2	2	
30	30	30	30	30	30	
2	2	2	2	2	2	
2.3	2.3	2.3	2.3	2.3	2.3	
2	2	2	2	2	2	
0.01
1.5
0.05
0
23
Source
Source
21
24	0	76	0	0	0	
0.45	0.1	0.1	5	
0.01	30	0.6	23	1e-05	1	0.03	9999	
3	3	3	3	
7000	0.02	0.67	0.1	0.75	
0	25	0.35	0	0
55.595	3.37	
Fruid
Fruid
27
22	0	78	0	0	0	
0.45	0.1	0.1	5	
0.01	30	0.6	23	1e-05	1	0.03	9999	
3	3	3	3	
7000	0.02	0.67	0.1	0.75	
0	25	0.35	0	0
55.595	3.37	
Kingledores
Kingledores
87
14	0	86	0	0	0	
0.5	0.1	0.1	5	
0.01	30	0.6	23	1e-05	1	0.03	9999	
3	3	3	3	
7000	0.02	0.67	0.1	0.75	
0	25	0.35	0	0
55.595	3.37	
Drumelzier
Drumelzier
38
0	11	89	0	0	0	
0.5	0.1	0.1	5	
0.01	30	0.6	23	1e-05	1	0.03	9999	
3	3	3	3	
7500	0.02	0.67	0	0.5	
0	25	0.35	0	0
55.595	3.37	
Stobo
Stobo
159
3	4	87	1	5	0	
0.5	0.1	0.1	5	
0.01	30	0.6	23	1e-05	1	0.03	9999	
3	3	3	3	
6000	0.02	0.67	0	0.5	
0	25	0.35	0	0
55.595	3.37	
Lyneford
Lyneford
15
0	0	93	0	7	0	
0.56	0.1	0.1	5	
0.01	30	0.6	23	1e-05	1	0.03	9999	
3	3	3	3	
4500	0.02	0.67	0	0.5	
0	25	0.35	0	0
55.595	3.37	
Scotsmill
Scotsmill
344
6	6	80	4	3	1	
0.55	0.1	0.1	5	
0.01	30	0.6	23	1e-05	1	0.03	9999	
3	3	3	3	
8750	0.02	0.67	0	0.7	
4.5	5.5	0.008	0	1
55.595	3.37	
Traquair
Traquair
87
21	3	62	9	5	0	
0.52	0.1	0.1	5	
0.01	30	0.6	23	1e-05	1	0.03	9999	
3	3	3	3	
8500	0.02	0.67	0.02	0.7	
0	25	0.35	0	0
55.595	3.37	
Juniper
Juniper
83
33	8	54	2	2	1	
0.52	0.1	0.1	5	
0.01	30	0.6	23	1e-05	1	0.03	9999	
3	3	3	3	
6000	0.02	0.67	0.02	0.7	
9.7	2.3	0.01	0	1
55.595	3.37	
Peel
Peel
37
13	0	81	1	4	1	
0.52	0.1	0.1	5	
0.01	30	0.6	23	1e-05	1	0.03	9999	
3	3	3	3	
6500	0.02	0.67	0.02	0.7	
7.54	25	2.14	0	0
55.595	3.37	
OldTweedBr.
OldTweedBr.
50
16	14	52	10	8	0	
0.52	0.1	0.04	5	
0.01	30	0.6	23	1e-05	1	0.03	9999	
3	3	3	3	
7000	0.02	0.67	0.02	0.7	
0	25	0.35	0	0
55.595	3.37	
Boleside
Boleside
471
15	0	85	0	0	0	
0.51	0.1	0.04	5	
0.01	30	0.6	23	1e-05	1	0.03	9999	
3	3	3	3	
1500	0.02	0.67	0.02	0.7	
5.1	2.4	0.095	0	1
55.595	3.37	
Galafoot
Galafoot
4
0	0	75	0	25	0	
0.52	0.1	0.04	5	
0.01	30	0.6	23	1e-05	1	0.03	9999	
3	3	3	3	
2500	0.02	0.67	0.02	0.7	
7.52	25	0.46	0	0
55.595	3.37	
Lowood
Lowood
254
1	4	73	11	9	2	
0.52	0.1	0.04	5	
0.01	30	0.6	23	1e-05	1	0.03	9999	
3	3	3	3	
2500	0.02	0.67	0.02	0.7	
9.2	5.3	0.1	0	1
55.595	3.37	
Leaderfoot
Leaderfoot
17
6	0	12	5	65	12	
0.52	0.1	0.04	5	
0.01	30	0.6	23	1e-05	1	0.03	9999	
3	3	3	3	
6500	0.02	0.67	0.02	0.7	
8.6	3.8	0.01	0	1
55.595	3.37	
Mertoun
Mertoun
308
1	2	45	9	43	0	
0.52	0.1	0.04	5	
0.01	30	0.6	23	1e-05	1	0.03	9999	
3	3	3	3	
8500	0.02	0.67	0.05	0.5	
4.4	19.2	0.004	0	1
55.595	3.37	
Rutherford
Rutherford
43
0	0	2	7	91	0	
0.52	0.1	0.04	5	
0.01	30	0.6	23	1e-05	1	0.03	9999	
3	3	3	3	
7000	0.02	0.67	0.05	0.5	
15.3	13.1	0.004	0	1
55.595	3.37	
UpperFloors
UpperFloors
27
0	0	0	7	93	0	
0.52	0.1	0.1	5	
0.01	30	0.6	23	1e-05	1	0.03	9999	
3	3	3	3	
7500	0.02	0.67	0.05	0.5	
7.54	25	0.2	0	0
55.595	3.37	
Sprouston
Sprouston
1139
13	1	50	7	28	1	
0.52	0.1	0.1	5	
0.01	30	0.6	23	1e-05	1	0.03	9999	
3	3	3	3	
6500	0.02	0.67	0.05	0.5	
1	21.4	0.025	0	1
55.595	3.37	
Homebank
Homebank
159
0	0	4	12	84	0	
0.52	0.1	0.1	5	
0.01	30	0.6	23	1e-05	1	0.03	9999	
3	3	3	3	
8000	0.02	0.67	0.05	0.5	
0	25	0.35	0	0
55.595	3.37	
Coldstream
Coldstream
179
0	0	0	4	96	0	
0.52	0.05	0.1	5	
0.01	30	0.6	23	1e-05	1	0.03	9999	
3	3	3	3	
8000	0.02	0.67	0.05	0.5	
0	25	0.35	0	0
55.595	3.37	
St.Cuthbert's
St.Cuthbert's
9
0	0	0	0	100	0	
0.52	0.05	0.1	5	
0.01	30	0.6	23	1e-05	1	0.03	9999	
3	3	3	3	
4000	0.02	0.67	0.05	0.5	
1.5	18.3	0.004	0	1
55.595	3.37	
Norham
Norham
658
3	2	38	15	42	0	
0.52	0.08	0.08	5	
0.01	30	0.6	23	1e-05	1	0.03	9999	
3	3	3	3	
6000	0.02	0.67	0.05	0.5	
0	25	0.35	0	0
55.595	3.37	
