0	0.46	-1.1	8.7
0	0.01	1.1	0.2
0	0.89	1.5	8.5
0	0.01	-0.9	0.1
0	6.84	-0.7	26.1
0	1.47	1.8	5.1
0	0.03	1.9	0.1
0	0.17	-0.1	0.6
0	1.15	2.4	3.8
0	0.03	2.7	0.1
0	1.41	1.8	4.4
0	3.19	4.3	8.7
0	5.76	3.9	13.1
0	0.48	4.1	1.1
0.06	0.00	0.6	0
0	0.30	0	0.7
0	1.37	1.1	3.1
0	0.89	2.2	2
0.06	0.04	3.4	0.1
0.05	0.04	5.1	0.1
0.5	0.00	8.5	0
0	2.02	5	4.6
0.41	0.09	3.1	0.2
0	1.84	5.5	4.1
0	2.86	4.1	6
0	3.96	4.2	7.7
0.27	0.61	3.4	1.2
0.71	0.15	1.7	0.3
0	1.28	3.9	2.5
0.58	0.15	3.9	0.3
0	3.35	4.7	6.3
0	6.02	4.9	10.3
0.18	0.00	1.9	0
0	4.00	0.9	6.6
0.22	0.06	3.3	0.1
0	1.25	3.3	2.1
0	0.41	2.7	0.7
0	0.06	1.3	0.1
0	1.29	2.5	2.2
0.82	0.00	4.5	0
1.02	0.00	2	0
1.1	0.00	2.5	0
1.64	0.00	3.1	0
2.33	0.00	-0.1	0
2.38	0.11	-0.4	0.2
1.22	0.64	-0.2	1.2
1.2	0.05	-0.3	0.1
1.34	0.00	-1.4	0
1.44	0.00	0.5	0
1.77	0.00	-0.7	0
0.73	0.60	-0.1	1.2
0	1.59	-1.8	3.1
0.06	0.05	-2.1	0.1
0	2.15	-1.7	4.1
0.17	0.00	1.8	0
0	13.15	-1	20.7
0	11.82	0.7	16.3
0	17.09	2	20.4
0	0.91	1.9	1.1
0.16	0.00	2.6	0
0	5.55	3.8	6.6
0.29	0.50	4.2	0.6
0	11.10	5.2	12.5
0	4.68	5.7	5.2
0.42	0.27	5.6	0.3
0.57	1.04	7.8	1.2
0	3.93	9.3	4.5
0.27	0.86	5.4	1
0.3	1.11	4.6	1.3
0	2.13	4.5	2.5
0	5.78	4.3	6.6
0	2.27	6.1	2.6
0.26	0.43	7	0.5
0	4.17	3.9	4.8
0	2.70	2	3.1
0.98	0.17	3.1	0.2
1.2	0.08	3.8	0.1
2.6	0.08	3.7	0.1
3.01	0.24	2.3	0.3
3.35	1.05	3.7	1.3
0	6.62	6.3	7.9
0	9.53	9	10.8
1.03	0.61	5.1	0.7
2.12	0.17	6.9	0.2
3.16	0.00	4.4	0
1.04	2.68	2.7	3.2
0	5.23	6.5	6.1
0	2.05	6.9	2.4
0	9.14	5.6	10.2
0	4.26	5.4	4.7
1.43	0.27	6.3	0.3
3.05	0.09	4.1	0.1
0.5	3.34	3.9	3.8
2.17	0.09	2.9	0.1
2.67	1.11	3.7	1.3
0	5.34	4.5	6.1
0	2.28	3.1	2.6
0	3.00	2.3	3.4
0	2.65	2.6	3
0.76	0.00	5.3	0
0.87	0.43	3.4	0.5
1.88	0.00	7.2	0
3.5	0.00	5.7	0
5.48	0.00	5.7	0
7.26	0.00	5.2	0
5.47	1.95	5.1	2.5
6.91	0.00	6.5	0
7.52	0.15	4.7	0.2
9.83	0.00	7.5	0
10.68	0.00	6.5	0
0.92	8.13	3.9	10.6
0	2.38	7.8	3.1
0	8.18	8.5	10.1
0.06	1.60	9.5	2
0	3.32	5.8	4.1
2.23	0.08	7.5	0.1
4.35	0.00	11.5	0
5.5	0.07	10.7	0.1
6.86	0.14	10.9	0.2
8.97	0.00	10.4	0
10.73	0.27	9.4	0.4
6.24	3.78	10.7	5.4
3.74	3.27	8.7	4.6
4.32	0.56	8.5	0.8
4.51	1.11	7.6	1.6
6.1	0.27	8.5	0.4
8.57	0.00	9.3	0
10.11	0.06	7.7	0.1
12.24	0.00	7.8	0
14.07	0.00	9.5	0
16.13	0.00	11.5	0
19.31	0.00	13.5	0
22.34	0.00	10.9	0
25.27	0.00	11.3	0
25.89	0.00	7.1	0
28.29	0.00	7.9	0
30.23	0.20	6.7	0.4
32.25	0.00	6.1	0
33.73	0.00	4.3	0
36.01	0.14	7.5	0.3
37.79	0.00	8.9	0
39.67	0.00	9.7	0
41.71	0.00	9.1	0
43.48	0.00	7.8	0
44.83	0.00	8.3	0
46.35	0.00	5.7	0
47.63	0.00	6.1	0
49.24	0.00	8.5	0
50.59	0.00	10	0
53.53	0.00	10.3	0
55.1	0.00	11.7	0
56.69	0.00	13	0
52.86	1.90	11.3	5.2
53.99	0.36	12.3	1
56.91	0.11	10.1	0.3
59.46	0.03	10.3	0.1
61.27	0.03	12.5	0.1
63.57	0.00	12.4	0
65.71	0.16	9.7	0.5
66.63	0.38	10.3	1.2
68.23	0.00	11.8	0
69.63	0.00	12.1	0
71.65	0.00	14.1	0
74.49	0.00	16.5	0
77.59	0.00	12.5	0
77.8	0.62	11.4	2.3
70.4	2.52	10.8	8.1
69.68	0.69	11.4	2.2
70.4	0.22	11.7	0.7
73.9	0.00	14.1	0
74.5	0.54	14.3	1.8
72.65	1.09	12.6	3.5
76.02	0.06	11.9	0.2
76.74	0.18	11.3	0.6
74.2	1.54	16.1	4.9
72.1	1.10	16	3.4
73.31	0.06	12.4	0.2
76.19	0.00	15.7	0
79.47	0.00	17.5	0
81.41	0.00	14.2	0
82.73	0.00	13.7	0
84.38	0.00	15.3	0
84.64	0.00	12.7	0
85.04	0.17	16.2	0.7
83.89	0.52	16	2.1
85.86	0.00	15.5	0
86.55	0.26	14.7	1.1
87.99	0.00	15.6	0
89.03	0.00	16.2	0
89.3	0.15	13.1	0.7
88.1	0.44	15.1	2
88.72	0.02	16	0.1
89.72	0.06	16.9	0.3
91.06	0.00	15.5	0
92.3	0.15	13.7	0.8
93.83	0.00	14.5	0
95.11	0.00	14.2	0
96.41	0.00	13.4	0
97.82	0.00	13	0
99.48	0.00	14.7	0
101.04	0.03	17.8	0.2
98.32	0.67	15.1	3.9
100.46	0.00	13.3	0
102.26	0.00	15.3	0
102.43	0.21	14.9	1.3
102.53	0.35	16.9	2.1
102.95	0.08	16.6	0.5
103.88	0.00	15.1	0
104.7	0.00	14.5	0
105.62	0.00	14.4	0
99.34	1.87	16.5	9.4
88.06	3.38	19.8	12.7
90.18	0.05	18.1	0.2
91.98	0.05	17.1	0.2
89.73	0.87	15.9	3.4
90.36	0.43	19.1	1.7
92.14	0.00	15.7	0
93.37	0.00	14.3	0
94	0.00	13.5	0
95.44	0.00	15.7	0
95.86	0.15	13.1	0.7
97.11	0.04	12	0.2
98.52	0.00	12.7	0
99.41	0.02	12.4	0.1
100.48	0.00	9.7	0
102.02	0.00	10.4	0
103.22	0.00	13.2	0
101.39	0.41	9.9	2.2
102.6	0.07	13.5	0.4
100.1	0.88	11.2	4.3
101.92	0.10	13.5	0.5
102.63	0.33	13.2	1.6
103.52	0.00	13.3	0
81.27	8.36	11.7	24.5
79.53	1.01	14.1	2.9
71.01	3.74	12.9	9.5
69.13	1.24	13.2	3.1
67.82	1.47	13.3	3.6
69.09	0.28	10.5	0.7
67.37	1.22	10.7	3
68.87	0.16	12.7	0.4
69.74	0.00	12.4	0
69.98	0.00	9.7	0
70.99	0.00	13.3	0
72.82	0.00	11.5	0
69.1	1.93	11.3	5.2
69.68	0.11	12.4	0.3
70.16	0.54	11.5	1.5
66.14	1.90	9.8	5
66.46	0.22	10.2	0.6
66.73	0.11	11.3	0.3
65.18	0.92	7.7	2.5
64.22	0.78	9.1	2.1
63.76	0.71	11.8	1.9
57.95	2.61	10.7	6.5
58.4	0.12	10.8	0.3
58.75	0.12	8.5	0.3
53.04	2.64	9.8	6.4
54.73	0.04	9.1	0.1
55.99	0.00	9.9	0
56.19	0.19	8.9	0.5
48.34	3.43	9.9	8.1
45.69	1.24	10.5	2.9
46.99	0.00	13.1	0
47.68	0.00	11.7	0
48.59	0.00	12.7	0
48.01	0.31	8.5	0.8
48.83	0.00	9.8	0
50.01	0.00	10.7	0
50.55	0.00	11.5	0
50.91	0.00	8.5	0
51.71	0.00	12.9	0
49.03	1.19	13.5	3.5
47.58	0.65	10.3	1.9
37.77	4.36	11.3	10.9
38.57	0.00	4.7	0
38.64	0.39	3.7	1
39.31	0.15	7.1	0.4
40.57	0.00	10.3	0
41.25	0.07	12.9	0.2
41.75	0.00	9.7	0
42.03	0.00	8.9	0
42.77	0.00	9.2	0
43.42	0.00	9.3	0
43.84	0.00	10.3	0
44.57	0.00	9.5	0
44.84	0.00	10.2	0
42.9	0.64	9.6	2.1
43.38	0.00	6.5	0
43.65	0.00	5.9	0
43.92	0.00	4.7	0
31.29	4.74	7.1	13.2
25.28	2.44	10	6.3
21.53	1.69	8.7	4.2
7.9	6.69	10.3	14
8.57	0.05	11.3	0.1
9.35	0.05	7.2	0.1
8.08	0.86	8.1	1.9
8.04	0.18	6.5	0.4
8.35	0.00	5.5	0
8.8	0.00	7.3	0
4.27	2.06	3.8	4.6
0	3.20	7.2	6.7
0.14	0.19	8.7	0.4
0.66	0.00	8.3	0
0	2.49	3.7	5.2
0	0.52	6.7	1.1
0	4.54	10.2	8.8
0	0.61	7.1	1.2
0.13	0.00	7	0
0	0.25	4.3	0.5
0	2.73	5.9	5.3
0	6.19	9.5	10.9
0	1.66	8.8	2.9
0	3.25	8.5	5.5
0	8.29	8.7	12.7
0	14.00	10.1	18.7
0	9.11	9.3	11.4
0	1.02	8.4	1.3
0	6.11	6.7	7.5
0	5.62	5.9	6.7
0	7.48	8.5	8.6
0	1.20	8.3	1.4
0	0.93	8.7	1.1
0.41	0.00	7.5	0
0.35	0.24	7.9	0.3
0.85	0.00	12.1	0
1.08	0.00	7.5	0
1.2	0.00	7.2	0
1.36	0.00	11.3	0
1.59	0.00	10.1	0
1.96	0.00	5.9	0
2.07	0.00	1.7	0
2.21	0.00	0.5	0
2.21	0.00	3.3	0
0	2.99	6.7	4.5
0	2.35	6.5	3.5
0	3.95	3.7	5.7
0	4.15	3.5	5.8
0	6.40	4.3	8.5
0	28.14	3.5	30.4
0	1.01	3.5	1.1
0.3	0.63	6.1	0.7
0	14.83	9.3	15.3
0	15.36	11.5	14.9
0.52	0.10	9.7	0.1
0.62	0.00	5.7	0
0.58	0.00	-0.8	0
0.47	0.38	2.3	0.4
0	1.23	4.5	1.3
0	8.50	5.7	8.7
0	3.63	3.3	3.7
0	0.29	2.4	0.3
0	0.00	1.7	0
0	0.00	-0.9	0
0.05	0.00	-0.5	0
0	0.09	1.2	0.1
0.07	0.00	6.5	0
0	2.76	5.4	3.1
0	4.89	3.5	5.4
0	6.74	1	7.2
0	5.22	5.3	5.5
0	14.68	4.5	14.4
0	2.95	5.1	2.9
0	0.40	1.3	0.4
0	0.40	-1.6	0.4
0	0.00	-1.6	0
0.12	0.00	-3.5	0
0	2.52	-0.6	2.6
0	1.05	4.5	1.1
0	2.09	4.3	2.2
0	0.75	4.3	0.8
0.11	0.55	5.1	0.6
0.3	0.54	6.7	0.6
0	6.12	3.9	6.6
0	0.00	0.3	0
0	0.81	2.3	0.9
0	0.18	3.7	0.2
0	0.17	7	0.2
0	1.03	3.1	1.2
0	4.74	3.7	5.4
0	8.84	2.5	9.6
0	3.24	1.7	3.5
0	9.53	1.1	9.8
0	0.58	1.8	0.6
0	11.23	1.5	11.1
0	1.00	2.7	1
0.19	0.10	2.9	0.1
0.32	0.00	3.8	0
0	6.74	0.7	6.8
0	0.00	-0.1	0
0	7.77	0.5	7.7
0	2.32	1	2.3
0	2.00	2.3	2
0	16.27	1.5	15.1
0	10.03	1.9	9
0.11	0.55	5.5	0.5
0	4.62	3.1	4.2
0	0.32	4.4	0.3
0.68	0.00	6.9	0
0.69	0.31	7.1	0.3
1.12	0.10	9.3	0.1
1.47	0.00	5.1	0
1.54	0.10	-0.1	0.1
0.97	0.77	-3.1	0.8
0	4.31	-2.3	4.4
0	5.27	3.7	5.3
0	3.28	4.5	3.3
0	3.89	4.5	3.9
0	5.66	5.7	5.6
0.2	0.90	5.7	0.9
0.09	1.08	4.7	1.1
0.4	0.29	4.3	0.3
0	9.23	4.2	9.2
0	5.17	4.7	5.1
0	7.27	3.1	7
0	10.13	3	9.4
0	6.56	3.7	6
0.38	0.21	3.9	0.2
0.62	0.21	1.9	0.2
0.99	0.00	3.1	0
1.44	0.10	1	0.1
1.76	0.20	4.7	0.2
0	9.43	7.3	9.1
0.25	0.51	2	0.5
0.73	0.10	0.9	0.1
1.09	0.00	-1.5	0
0	11.51	-1.5	11
0	1.03	1.9	1
0	1.75	2.5	1.7
0	2.57	1.1	2.5
0.43	0.20	1.1	0.2
0.53	0.80	3.1	0.8
0	5.45	5.5	5.4
0.3	0.30	7.3	0.3
0.69	0.00	3.5	0
1.08	0.38	6.8	0.4
0	6.50	6.1	6.7
0	0.96	1.1	1
0	4.28	2.1	4.4
0	2.72	4.1	2.8
0	1.35	3	1.4
0.94	0.00	2.9	0
1.87	0.00	2.3	0
2.35	0.00	2.9	0
3.15	0.09	5.3	0.1
3.97	0.53	7.5	0.6
4.23	1.21	7.4	1.4
4.5	1.11	5.1	1.3
0	7.72	6.7	8.7
0	1.32	1.4	1.5
0	2.48	0.1	2.8
0.41	1.06	1.7	1.2
0.88	0.35	6	0.4
1.79	0.00	9.5	0
2.92	0.00	10.8	0
5.32	0.00	10.9	0
4.64	0.93	9.9	1.2
5.61	0.23	5.7	0.3
5.67	0.07	7.6	0.1
6.73	0.00	10.1	0
7.75	0.00	10.9	0
9.14	0.00	4.9	0
8.47	0.96	5.5	1.4
10.62	0.00	11.3	0
11.96	0.06	10.5	0.1
13.55	0.00	8.2	0
15.28	0.00	10.3	0
17.12	0.00	9.3	0
19.52	0.00	9.6	0
20.85	0.06	8.1	0.1
13.72	4.99	7.6	8.3
14.38	0.48	3.3	0.8
15.89	0.12	3	0.2
16.95	0.00	4.3	0
18.08	0.11	5.4	0.2
10.64	5.28	3.3	8.7
11.21	0.66	8.4	1.1
11.91	0.12	6.1	0.2
12.57	0.17	7.5	0.3
13.81	0.28	6.1	0.5
14.89	0.00	4	0
15.97	0.11	4.7	0.2
16.93	0.00	4.3	0
18.17	0.00	8.3	0
20.29	0.00	13.9	0
22.08	0.00	13.7	0
23.96	0.00	15.9	0
24.72	0.73	14.6	1.6
26.51	0.00	14.1	0
25.68	1.39	11.9	3.1
26.82	0.09	12.1	0.2
25.26	1.55	10.9	3.5
22.93	1.78	7.9	3.9
24.72	0.00	6.9	0
24.84	0.53	3.5	1.2
26.2	0.22	4.9	0.5
28.42	0.00	4.3	0
29.33	0.04	6.3	0.1
30.96	0.00	5.5	0
31.47	0.20	3.7	0.5
31.14	0.74	5.8	1.8
28.89	1.71	5	4
30.8	0.13	7.4	0.3
32.19	0.04	9.3	0.1
33.2	0.00	8.6	0
33.23	0.51	11.6	1.3
35.04	0.04	12.9	0.1
28.46	3.54	9.9	8.4
29.24	0.80	11.9	1.9
28.91	0.97	12.1	2.3
22.8	3.95	13.7	8.6
21.74	1.72	13.2	3.7
23.54	0.00	12.7	0
23.49	0.76	13.1	1.7
23.7	0.66	11.4	1.5
24.03	0.48	11.3	1.1
24.4	0.34	11.7	0.8
24.54	0.33	11.5	0.8
16.86	3.85	10.7	8.4
17.43	0.22	9.7	0.5
18.53	0.13	12.3	0.3
20.35	0.43	11.1	1
21.8	0.00	9.7	0
24.09	0.00	12.5	0
24.19	0.24	9.8	0.6
25.6	0.23	11.5	0.6
27.78	0.00	10.8	0
30.1	0.00	10.9	0
32	0.00	12.8	0
34.83	0.00	11.6	0
36.27	0.20	10.3	0.6
37.99	0.03	13.3	0.1
39.35	0.39	11.9	1.2
36.52	1.45	14.1	4.3
38.54	0.00	15.3	0
40.89	0.00	12.5	0
44.18	0.00	16.1	0
47	0.00	14.1	0
49.13	0.00	15.9	0
52.48	0.00	16.2	0
55.6	0.00	15.5	0
58.83	0.00	16.1	0
61.95	0.00	15.9	0
65.24	0.00	18.1	0
66.69	0.00	14.3	0
68	0.00	13	0
65.84	0.79	11.5	3.5
67.95	0.00	12.6	0
70.26	0.00	14.5	0
70.4	0.19	11.1	0.9
70.42	0.40	16.7	1.9
71.95	0.00	15.2	0
73.79	0.00	13.7	0
75.98	0.00	14.8	0
77.95	0.00	14.6	0
74.17	1.13	17.1	5.4
75.58	0.00	18.1	0
77.59	0.00	15.1	0
70.28	2.03	15.5	8.6
65.53	1.62	14.9	6.1
65.48	0.45	13.7	1.7
63.48	1.15	15.1	4.1
64.3	0.22	17.7	0.8
66.48	0.00	17.2	0
62.55	1.40	18.3	5
65.48	0.00	14.3	0
68.18	0.03	13.9	0.1
68.62	0.39	14.4	1.5
69.75	0.00	13.9	0
73.72	0.00	19.9	0
77.04	0.00	17.2	0
78.84	0.00	20.3	0
79.94	0.02	16.1	0.1
82.31	0.00	19.3	0
84.87	0.00	19.5	0
87.43	0.00	20	0
89.45	0.00	19.5	0
92.01	0.00	22.6	0
93.43	0.00	15.9	0
94.82	0.00	15.5	0
96.4	0.00	15.3	0
97.87	0.00	14.6	0
98.71	0.00	15	0
100.03	0.00	14	0
101.62	0.00	16.5	0
103.17	0.00	17.3	0
104.67	0.00	18.3	0
105.19	0.02	17.9	0.2
106.28	0.00	15.5	0
107.3	0.00	16.1	0
108.58	0.00	19.1	0
109.76	0.00	18.1	0
110.77	0.00	18.7	0
111.82	0.00	20.7	0
112.63	0.00	20.5	0
113.53	0.00	19.9	0
114.6	0.00	20.3	0
114.87	0.16	18.9	2
115.41	0.00	14.9	0
108.07	1.09	13.3	8.7
104.15	1.04	15.9	6.5
96.76	1.89	13.2	9
98.36	0.19	12.5	0.9
97.6	0.64	12.2	2.9
97.78	0.17	12.9	0.8
98.71	0.00	14.7	0
99.38	0.00	15.8	0
96.62	0.71	14.1	3.3
95.28	0.53	12.5	2.4
92.85	0.80	13.2	3.4
81.52	3.65	12.3	12.1
77.48	1.37	11.1	4.3
73.37	1.73	13.7	5.1
57.26	7.07	13.2	16.5
53.96	1.52	14.5	3.5
53.1	0.43	13.6	1
53.73	0.29	13.3	0.7
50.48	1.52	13.8	3.6
51.41	0.00	13.5	0
52.56	0.00	13.3	0
53.61	0.00	12	0
54.01	0.00	12.7	0
53.98	0.25	11.6	0.7
53.51	0.32	12.3	0.9
52.08	0.79	14.1	2.2
52.5	0.03	12.9	0.1
53.42	0.00	12.1	0
54.08	0.00	12.7	0
54.71	0.13	13.3	0.4
38.96	7.02	11.7	17.1
39.47	0.36	10.5	0.9
37.73	0.94	9.3	2.3
35.7	1.50	11.2	3.6
36.96	0.00	7.4	0
37.67	0.00	5.4	0
38.29	0.00	7.2	0
36.82	0.99	9.3	2.5
35.8	0.87	10.3	2.2
20.8	7.77	12.5	16.1
17.02	2.38	12.7	4.8
17.58	0.24	12	0.5
13.81	2.76	11.8	5.5
9.65	2.48	11.7	4.8
9.34	0.97	12.7	1.9
11.03	0.00	14.3	0
11.07	0.24	12.7	0.5
11.7	0.00	10.5	0
11.25	0.55	10.1	1.2
0	7.37	12.6	13.9
0.22	0.05	13.1	0.1
0.79	0.00	13.9	0
0.93	0.24	13.9	0.5
1.87	0.00	12.9	0
2.59	0.13	14.7	0.3
3.5	0.04	10.7	0.1
3.14	0.52	11.8	1.2
2.59	0.38	7.6	0.9
3.18	0.21	5.7	0.5
0	2.20	7.2	5
0.27	0.09	13.1	0.2
0	7.29	12.1	14.5
0	8.25	8.7	14.3
0	2.84	9.9	4.8
0	0.64	7.1	1.1
0	0.11	7.3	0.2
0	0.68	4.9	1.2
0	0.45	8.9	0.8
0	1.45	10.1	2.6
0.19	0.00	9.4	0
0.36	0.00	6.9	0
0.35	0.05	3.7	0.1
0.39	0.00	2.1	0
0.48	0.00	2.6	0
0	1.16	6.5	2.3
0.19	0.05	10.1	0.1
0	0.29	11.3	0.6
0	0.05	3.7	0.1
0	1.40	3.6	2.9
0	8.84	6.3	15.6
0.05	0.06	9.3	0.1
0.08	0.00	9.9	0
0	3.19	7	5.7
0	17.86	5.9	25.4
0.01	0.14	2.3	0.2
0.09	0.07	1.8	0.1
0.44	0.00	1.9	0
0.65	0.00	5.9	0
0.21	0.39	4.3	0.6
0	0.38	6	0.6
0.39	0.00	9.3	0
0	3.17	8.9	5
0	2.10	10.7	3.3
0	5.51	6.6	8.2
0	0.33	4	0.5
0	1.06	3.6	1.6
0	0.72	6.4	1.1
0	0.06	7.2	0.1
0.58	0.00	6.9	0
0.89	0.06	5.5	0.1
0.98	0.12	7.7	0.2
0	2.05	8.5	3.4
0	0.66	5.8	1.1
0	1.26	1.9	2.1
0	3.49	1.7	5.6
0	0.25	0.7	0.4
0	0.00	-3.4	0
0.19	0.06	0.5	0.1
0	0.06	5.1	0.1
0	0.12	-0.3	0.2
0	0.29	2.7	0.5
0	0.69	1.9	1.2
0	0.28	4.3	0.5
0	0.73	3.5	1.3
0	0.06	4.2	0.1
0	0.33	3.9	0.6
0	3.43	2.9	6
0.01	0.00	2.1	0
0	0.00	-2.9	0
0	7.52	-3.3	12.1
0	13.44	-2	18.5
0	0.87	0.6	1.2
0	1.23	-3.6	1.7
0	0.00	-1.5	0
0	0.00	-5.1	0
0	0.00	-10.1	0
0	0.00	-11.7	0
0	0.00	-9.1	0
0.15	0.00	-7.2	0
0	5.78	-0.7	8
0	0.51	2.3	0.5
0	0.1	2.1	0.1
0	1.82	1.7	1.8
0	5.41	2.3	5.5
0	0.9	3.3	0.9
0	1.72	3.9	2
0	0.91	4.7	1.1
0	7.78	6.4	8.4
0	4.17	7.1	4.2
0	0.23	6.3	0.1
0	6.53	3.1	6.5
0	4.38	6.7	4.6
0	0.07	7.9	0.3
0.07	0	7.7	0
0.18	0	6.9	0
0.21	0	6.6	0
0.21	0	6.4	0
0.33	0	6.7	0
0.39	0	4.7	0
0.25	0	4.5	0.2
0	0.71	1.7	1.3
0.37	0	2.1	0
0.81	0	2.3	0.1
1.24	0	1.9	0
0	1.65	0.1	3.3
0	12.82	-0.5	12.9
0	6.86	0	7
0.27	0	0.9	0
0.36	0	0.8	0
0.53	0	1.1	0
0.77	0	0.9	0
0.77	0	-0.5	0
0.39	0	0.7	0.5
0.28	0	0.9	0.2
0.36	0	1.9	0
0	15.46	-2.4	15.9
0	3.5	-1.9	3.5
0	0.84	-1.1	0.9
0	6.86	-0.9	7.1
0	8.18	0.3	8.5
0	2.57	2.5	2.6
0	31.15	3.7	31.4
0	2.66	2.7	2.8
0	0.78	2.3	1
0.43	0	1.9	0
0.51	0	3.8	0.2
0.23	0	6.3	1.4
0	2.57	5.5	4
0	1.67	4.3	2.6
0	3.05	0.5	3.5
0	0	0.9	0.2
0	1.69	-1.5	2
0.28	0	1.2	0
0	1	3.8	1.8
0	5.01	3.8	5.2
0.39	0	2.5	0
0.54	0	-0.4	0.1
0.87	0	2.5	0
1.38	0	3	0
1.92	0	5.8	0
2.22	0	5.5	0
2.51	0	5.9	0
2.68	0	7.9	0.2
2.9	0	3.7	0
3.15	0	5.1	0
3.44	0	6	0.1
3.72	0	6.3	0.6
3.4	0	2.3	1.3
4	0	4.5	0
4.52	0	3.7	0
0	6.18	2.1	10.8
0	1.18	0.5	1.5
0.17	0	-0.6	0.2
0.54	0	0.5	0.1
1.06	0	0.9	0
0	7.26	1.8	8.8
0	0.02	1.3	0.2
0.11	0	2.7	0.2
0.26	0	2.5	0
0	0.25	2.5	1.1
0.15	0	2.7	0.1
0.33	0	2	0.2
0.43	0	3.1	0
1.16	0	3.7	0
1.46	0	3.1	0.6
2.27	0	2.1	0.1
3.54	0	1.7	0.5
4.35	0	4.9	0
5.02	0	3.5	0
5.54	0	1.8	0
6.29	0	4.1	0.1
6.79	0	2.5	0
7.16	0	3.3	0
7.7	0	5.7	0
8.84	0	4.9	0
10.42	0	5.1	0
10.81	0	1.9	0
11.17	0	4.5	0
11.87	0	6.1	0
12.83	0	10.9	0.1
8.66	0	9.3	4.4
4.42	0	5.1	4.6
4.91	0	2.2	0.4
6.28	0	3.4	0
5.57	0	4.8	1.8
6.19	0	7.7	0.1
2.5	0	10	4.3
0	2.28	9.1	6.4
0	1.11	6.3	2.6
2.2	0	9.5	0.1
0	3.36	8.8	6
0	2.42	8.3	3.2
0	7.25	9.3	9.7
0	1.32	7.7	2.7
1.81	0	8.9	0.1
3.65	0	8.9	0.6
4.1	0	10.7	0.9
5.26	0	9.2	0.3
6.36	0	7.3	0.1
3.76	0	7.7	3.8
0	17.83	5.5	23.4
0	11.98	3.3	12.9
2.42	0	4.6	0
3.3	0	5.5	0.8
5.02	0	4.6	0
5.51	0	5.1	0.8
6.66	0	5.1	0
7.65	0	7.5	0
8.83	0	7.2	0.1
10.72	0	5.7	0
9.45	0	6.2	3.6
6.99	0	4.5	2.8
7.2	0	7.7	0.3
9.58	0	9.5	0
11.79	0	10.3	0.2
13.08	0	7.9	0.5
13.38	0	4.5	1.4
15.02	0	4.5	0.1
11.41	0	4.2	4.7
11.91	0	7.9	1.1
13.91	0	7.6	0.1
15.31	0	7.5	0.4
14.96	0	8.3	1.5
14.78	0	10.1	2.9
15.91	0	9.4	1.1
18.2	0	9.9	0.3
8.24	0	8.9	11.9
10.12	0	10.5	0.2
7.29	0	8.5	3.7
7.4	0	13.7	2.4
6.44	0	13.4	2.5
9.8	0	11.7	0.7
12.07	0	11.1	0
13.47	0	10	0.4
14.12	0	8.9	0.7
16.4	0	12.1	0.9
17.56	0	12.5	0.7
19.66	0	15.8	1
21.6	0	15.7	0
25	0	14.7	0
20.45	0	12.3	7
21.67	0	13.5	0.6
20.05	0	13.2	3.2
23.22	0	11.9	0
24.99	0	11.8	0
27.37	0	13.3	0
29.99	0	14.9	0
33.12	0	15.5	0
36.5	0	16.1	0
37.79	0	12.1	0
39.6	0	12.3	0
40.8	0	9.1	0
42.03	0	8.3	0
43.53	0	12.1	0
45.74	0	13.1	0
48.44	0	15.9	0
48.56	0	14.9	2.2
49.46	0	14.5	0.1
45.83	0	12.9	5.1
47.51	0	14.4	0.3
49.49	0	12.9	0
51.25	0	13.1	0
44.69	0	12	7.3
39.33	0	12.5	7.3
34.28	0	13.2	6.8
34.53	0	11.9	2.3
36.51	0	12.1	0
38.75	0	12.4	0.1
40.61	0	14	0
42.15	0	12.5	0.1
44.1	0	15.3	0
46.47	0	16.3	0
47.87	0	17.5	0.8
49.49	0	16.8	0
51.89	0	15.9	0
55.35	0	14.7	0
57.34	0	12.9	0
59.31	0	12.2	0
61.5	0	16.1	0
63.88	0	15.4	0
64.69	0	16.8	0
67.16	0	16.9	0
66.57	0	16.4	2.5
67.37	0	17.1	0.1
64.54	0	17.9	4.6
66.18	0	14.3	0
67.64	0	13.3	0
70.04	0	17.5	0
71.1	0	12.9	0
70.49	0	15.4	2
71.25	0	13.5	0
72.44	0	15	0
73.33	0	12.9	0.9
74.87	0	13.5	0.2
76.49	0	13.4	0
78.09	0	14.5	0
79.95	0	14.5	0
81.41	0	16.5	0
67.76	0	14.9	14.6
68.83	0	15.7	0
68.49	0	13	1.3
68.93	0	16.1	1.7
59.21	0	16.5	11.5
59.81	0	14.1	0.2
61.67	0	16.3	0
63.65	0	15	0
65.05	0	14.9	0
66.97	0	15.3	0
68.94	0	17.1	0
70.24	0	15.7	0
72.66	0	19.1	0
73.85	0	18.7	0.1
61.1	0	19.3	14.6
57.68	0	16.3	4.5
51.89	0	14.9	7.8
53.43	0	16.2	0.4
48.83	0	14.8	5.7
50.19	0	14.3	0.6
45.63	0	12.7	5.8
44.41	0	13.3	2.1
45.73	0	13.9	0
47.17	0	13.9	0
48.12	0	12.1	0
49.9	0	11.9	0
47.85	0	12.3	4.5
48.87	0	18.3	0
49.24	0	15.8	0.1
50.54	0	15.7	0.1
50.91	0	12.9	0
52.23	0	14.1	0
53.32	0	11.9	0
54.63	0	11.6	0
55.64	0	11.5	0
56.22	0	13.1	0.6
57.01	0	12.9	0.1
58.27	0	10.5	0
59.4	0	10.5	0
60.17	0	10.5	0
61.3	0	11.7	0
62.84	0	11.9	0
63.77	0	11.1	0
65.04	0	11.8	0
65.98	0	11.7	0
67.07	0	11.9	0.1
67.22	0	12.3	0.4
67.68	0	10.2	0
68.22	0	11.5	0
68.73	0	11.1	0.2
69.93	0	13.3	0
69.09	0	11.7	1.6
69.68	0	11.6	0.8
60.12	0	11.3	10.7
60.19	0	10.2	0.7
60.76	0	10	0.3
61.3	0	9.3	0
61.21	0	8.7	1
50.36	0	11	11.5
50.43	0	8.5	0.7
48.69	0	7.8	2.8
48.31	0	11.5	1.5
48.65	0	13	0.2
49.31	0	7.7	0
49.86	0	8.3	0
50.24	0	6.9	0
45.77	0	7.9	5.3
45.54	0	11.5	0.6
46.19	0	12.4	0
35.18	0	11.6	11.5
30.17	0	9.9	5.6
23.45	0	6.3	7.4
22.03	0	6.7	2
18.62	0	7.1	4.2
19.07	0	10.1	0.4
14.73	0	11.8	4.5
14.49	0	10.7	0.9
13.27	0	7.8	1.5
13.48	0	12	0
8.98	0	11.7	5.4
4.26	0	11.5	5.3
0	4.7	8.7	9.9
0	11.14	9.7	11.9
0	7.78	10.7	8.3
0.65	0	6.1	0
0.16	0	7.1	0.7
0.93	0	11.1	0.1
1.39	0	10.7	1.2
0	3.27	11.5	5.2
0	7.8	10.9	9
0	2.52	8.9	3.2
0	12.41	7.7	13.6
0	8.88	6.4	9.6
0.03	0	2.2	0
0	1.97	2.9	2.5
0.05	0	1.9	0
0.07	0	0.2	0
0	17.29	1.7	17.5
0	0.76	3.5	0.9
0	4.43	3.5	4.6
0	0.05	5.7	0.1
0	0.81	8.4	0.9
0	5.87	7.3	6
0.1	0	3.3	0
0.06	0	-0.9	0
0	16.37	-2.4	16.5
0	0.04	-1.3	0
0	2.65	0.7	2.9
0.06	0	0.5	0.1
0.11	0	0.7	0
0	8.36	-0.4	8.8
0	6.77	1.3	6.8
0.01	0	1.5	0
0.01	0	-1.4	0
0	4.27	-1.9	4.4
0	1.34	2.3	1.2
0	0.15	5.5	0.2
0	3.46	4.3	3.5
0	1.65	4.8	2
0	61.73	1.7	61.9
0	0.02	2.3	0.2
0	0.03	-0.1	0
0	0.06	-2.6	0
0.17	0	-0.3	0
0	0.02	3.7	0.2
0	0.07	5.7	0.1
0.01	0	4.1	0
0	0.18	3.9	0.2
0	0.62	2.5	0.7
0	0.29	1.2	0.2
0	0.08	2.1	0.3
0	0.08	5.3	0
0.03	0	3.3	0
0	3.55	2.3	3.5
0	28.38	2.1	28.4
0	0.54	2.3	0.7
0.44	0	2.2	0
0.66	0	1.9	0
0	0.12	0.1	0.8
0	0.1	1	0.1
0.01	0	-0.3	0
0	0.39	0.1	0.4
0	0.97	-0.3	1
0	2.07	0.6	1.9
0	0.61	1.9	0.6
0	1.69	1.5	1.9
0	7.03	2.9	7.1
0	5.49	0.4	5.6
0.1	0	-0.3	0
0	3.700127359	0.1	3.6
0	1.223706273	0.1	1.2
0	0.301807462	0.4	0.3
0	0.596430746	0.7	0.6
0	0.490729562	0.9	0.5
0	0	0.1	0
0	0.861835252	0.3	0.9
0.1	0	1.2	0
0.1	0	-0.6	0
0	3.456441614	3.5	3.7
0	0.459422958	4.5	0.5
0.1	0	8.3	0
0.4	0	6.4	0
0.5	0	6.7	0
1	0	3	0
1.5	0.331344044	3	0.4
1.4	0.489909606	3.7	0.6
1.5	0.241246447	2.5	0.3
1.6	0	2	0
1.3	0	-0.1	0
1.6	0	-1.6	0
1.6	0.15167807	-0.3	0.2
0.8	0.600464281	1.9	0.8
0.7	0.444573604	2.8	0.6
0.4	0.291878545	3.5	0.4
0.1	0.215150939	4.5	0.3
0.3	0	3	0
0.5	0	-0.8	0
0.6	0	1.8	0
1.3	0	-1.4	0
1.3	0	1.2	0
2	0.130148997	4.6	0.2
0	5.723362137	3.4	8.3
0	0.271340991	4.6	0.4
0.7	0.133628344	2	0.2
0	1.200229976	3.5	1.8
1.1	0	4.7	0
0.1	1.570402375	5.7	2.4
0	12.80907002	6.8	17.2
0	7.899078768	5.9	10
0	3.529746685	3.5	4.4
0	3.739443749	6.1	4.6
0.1	0.721169561	5.6	0.9
0.7	0.236548331	3.3	0.3
0	1.412857353	3.5	1.8
0	13.97743928	4.3	16.1
0	24.47724403	6.2	24.5
0	4.534456052	3.9	4.5
0	26.5954773	4.4	23.5
0	27.78316347	4.5	22.3
2.5	0	6.3	0
0	7.241741616	6.5	5.9
0	13.53008382	7.1	10.7
0	18.40171098	5	13.9
0	1.041371623	5.1	0.8
0	5.35046968	1.9	4.1
0	7.763678798	4.2	5.9
0	7.127775748	6.3	5.4
0	18.98219152	6.2	13.8
0	5.490330299	4.7	4
0.7	0	4.4	0
2.1	0.132082622	3.9	0.1
2.1	0.389513643	3.4	0.3
3.3	0.127482263	3.6	0.1
3.1	0.751078401	5.5	0.6
4.2	0	5.1	0
5	0.240385862	5.4	0.2
5.4	0	6.1	0
6.3	0	6.8	0
7.9	0	6.7	0
8.1	0.770245478	7.8	0.7
9	0	9.6	0
8.2	1.890217189	11	1.8
9.3	0.204272333	10.5	0.2
8.5	1.303135476	9.2	1.3
5.7	4.011895144	7.6	4
6.4	0.294265566	7.6	0.3
7.2	0	6.9	0
8.2	0	3.4	0
4.8	3.688835888	4.8	3.9
1.5	3.599992819	7	3.8
2.1	0.650531068	7.4	0.7
2.1	0.363843989	7.6	0.4
0	4.199273452	9.8	4.6
0	2.084929637	6.6	2.3
2.4	0.08870307	6.4	0.1
3.8	0	8	0
5.7	0	7.8	0
8.6	0	9.6	0
9.5	0	9.2	0
10.6	1.022428794	9.5	1.3
12.7	0.154164787	5.9	0.2
12.4	1.537066102	3.8	2
12	1.291030039	8.6	1.7
13.1	0.14829976	8.5	0.2
14	0	9.3	0
15.6	0	10.3	0
16.8	0	8.5	0
19.2	0	10.3	0
20.3	0	8.2	0
21.8	0	7	0
22.8	0	7.6	0
24.5	0.059894741	12.3	0.1
26.8	0	9.3	0
27.5	0	7	0
28	0	8.3	0
27.3	1.218876379	9.5	2.2
29	0.054318742	5.3	0.1
30.5	0.754868238	7.1	1.4
31.1	0.641863892	6	1.2
32.6	0	5.5	0
31.1	1.320035586	5.5	2.5
33.3	0	10.3	0
35.4	0	6.9	0
36.5	0	7	0
32.2	2.758676829	8.1	5.4
34.5	0.09925587	11.8	0.2
37.9	0	11.5	0
39.9	0	12.2	0
42.5	0	13.9	0
44.7	0	14.2	0
36.9	4.283135002	10.7	9
26.7	6.356535926	11.6	11.9
21.4	4.025392425	4.7	7.1
21.2	1.904029141	3	3.3
15.8	4.324831414	4.4	7.1
16.3	0.420679321	5.1	0.7
14.8	1.822708588	4.4	3
13.3	2.344049765	7	3.8
9.5	2.970568644	6.3	4.7
6.4	3.167199705	8.2	4.9
6.2	1.480572076	8.9	2.3
8.4	0	10.7	0
6.9	2.333461219	9.8	3.7
0	14.84390127	7.7	20.1
0.5	0.724679587	9.6	1
0	3.145624639	9.5	4.3
0	7.215814357	10.9	9.4
0	2.299898543	8.5	3
1.5	0.14982215	8	0.2
2.9	0	7.1	0
4.4	0	5.2	0
6.1	0	7.4	0
8.3	1.032638395	11	1.5
12	0	15	0
15.2	0	12.9	0
18.1	0	13.4	0
22.5	0	17.2	0
26.7	0	17	0
30	0	12.8	0
33.7	0	13	0
34.1	0.312217231	8	0.6
38.3	0	12.4	0
42.2	0	14.5	0
37	3.797502324	14.1	7.4
38.2	0.75300184	15.8	1.5
40.4	0.934375439	17.3	1.9
42.1	0.047461711	14.3	0.1
44.3	0	10.8	0
44	1.672012666	15.9	3.6
8.9	24.15064927	11.2	36
1.4	6.411616412	12.7	9.1
0	9.970214879	13.1	13.1
1.5	0.148300291	9.8	0.2
0	3.288476341	10.4	4.4
1	0.145123505	11.7	0.2
1.7	0.281609317	12.9	0.4
1.9	0.827165966	12	1.2
0	7.193411651	13.2	9.9
0	2.617079337	11.2	3.6
1.5	0.495014096	12.9	0.7
0.4	1.753756064	11.1	2.5
3.6	0	12.4	0
6	0	12.1	0
4	2.107510311	10.3	3.2
6.1	0.451644272	9.5	0.7
3.9	3.637886318	9.6	5.5
0	3.086254834	10.3	4.6
2.1	0.130119549	12.4	0.2
0	12.19958571	9.3	16.6
0	2.050507156	9.5	2.8
0	10.52991225	11.3	13.3
0	1.478339349	12.3	1.9
2.6	0	12.7	0
5.8	0	15.2	0
8	0	16.4	0
10.9	0	17.6	0
14.6	0	18.9	0
18.4	0	17.9	0
21.9	0	17.7	0
24.7	0	16.8	0
20.1	3.926971688	17.8	6.9
17.7	2.825017843	15.8	4.9
19.9	0	13.3	0
20.8	0.053743792	14.3	0.1
23.4	0	16.6	0
25.2	0	14.1	0
28.1	0	16.3	0
30.3	0	15	0
33.7	0	16.5	0
37	0	17.2	0
39.4	0	15.3	0
33.2	3.922578196	17.6	8.9
27.9	3.313560001	15.8	7.1
31.3	0	16	0
30.1	0.980808658	13.7	2.2
32.2	0.655311843	16.2	1.5
35	0.125978936	17.1	0.3
35.5	0.74663432	15.3	1.8
35.1	1.168454842	13.9	2.8
36.9	0.407868522	14.8	1
39.5	0	16.8	0
40.2	0	13.7	0
41.5	0	15.5	0
43.3	0	13.4	0
45.2	0	14.4	0
48.5	0	17.8	0
50.9	0	18.2	0
50.8	1.266907565	19.2	4
52.4	0	17.1	0
55.8	0	20.8	0
56.6	0.30744894	19.1	1.1
59.7	0	21.3	0
45.9	5.200017503	17.9	15.1
49	0	18.8	0
51.4	0	18.2	0
54.3	0.273055354	18.8	0.9
55.4	0.17586178	18.2	0.6
57.4	0	17.2	0
61	0	21.5	0
61	0.610562377	19.5	2.3
59.7	0.992049787	17.8	3.6
61.6	0	14.9	0
58.6	1.031583201	13.4	3.7
58.2	0.331728898	13.7	1.2
58.9	0.355980741	15.2	1.3
60.4	0.187534944	14.8	0.7
53.4	2.603760475	13.7	8.4
54.3	0.030134056	11.2	0.1
53	0.896565951	12.8	2.9
54.8	0	14.6	0
53	1.018313728	12.1	3.3
51.5	0.816246903	13.4	2.6
46.2	2.239010517	11	6.5
41.4	2.453628935	15.1	6.6
37.8	2.377830555	12.7	6
39	0.154345503	12.6	0.4
37.6	1.135177002	12.1	2.9
39.9	0.037737062	14.9	0.1
42.2	0	15.1	0
45.3	0	13.8	0
47.4	0	12.2	0
47.5	0.47114771	12.9	1.4
47.5	0.643581281	10.2	1.9
48.4	0.132944763	9	0.4
47.8	0.66912824	11.4	2
46.4	1.387485277	14.4	4
41.7	2.077136534	11	5.6
43.6	0	14.2	0
44.9	0	8.5	0
45.4	0	7.1	0
46.6	0	9	0
48	0	10.3	0
49.5	0	10.7	0
51.2	0	9.8	0
52.8	0	11	0
54.5	0	11.6	0
54.7	0	10	0
55.1	0	11.6	0
55.8	0.132347765	11.8	0.5
57.3	0	13.7	0
58.2	0.024833046	11.5	0.1
58.8	0	12.3	0
60.3	0	11.4	0
61.3	0	12.7	0
62.6	0	14.7	0
65	0.020992606	14.3	0.1
63.3	0.592269414	13.2	2.7
63.8	0.107998893	10.9	0.5
61.1	0.911096257	10.7	3.9
46.7	4.990671736	10	15.5
46.8	0.450284509	10	1.4
47.9	0.062968644	8.3	0.2
48.7	0.030925824	4.5	0.1
49.9	0	6	0
44.1	2.001079446	4	6
35.7	3.21010987	7.4	8.5
33.7	0.994712849	10.8	2.6
33.4	0.261821364	13.1	0.7
34	0.07233076	14.4	0.2
33.8	0.249319764	9.6	0.7
34.8	0	6	0
35.2	0	6.4	0
36.4	0	3.5	0
36.6	0	3.6	0
36.9	0	4.1	0
37.1	0	5.3	0
37.1	0	4.5	0
37.5	0	7.3	0
38	0	3.1	0
38.3	0.029227028	1.1	0.1
38.5	0	2.5	0
38.9	0	10.5	0
38.2	0.277042085	10.7	1
38.4	0.027035643	9.2	0.1
38.7	0.106444174	8.2	0.4
38.2	0.376296719	6.4	1.4
28.9	3.044694936	7.6	9.5
28.8	0.094134686	9.4	0.3
24.6	1.505600502	5.9	4.5
16.2	3.277293707	3.3	8.6
14.9	0.574546866	3.9	1.5
14.7	0.151002792	5.4	0.4
11.4	1.614385303	7.3	4.1
11.6	0.077416148	4.8	0.2
11.9	0	5.4	0
12.4	0.187023892	5.7	0.5
12.5	0.220828539	8.9	0.6
9.5	1.16614105	11	3.1
1.7	3.970544229	11.3	9.4
0	1.922602323	10.9	4.4
0	2.57860771	8.1	5.6
0	4.257274832	8.5	8.5
0	1.006345733	4.6	2
0.2	0	3.7	0
0	2.462839329	5	4.8
0	1.723027027	6.1	3.3
0	2.195879554	6.5	4.1
0	3.900263612	7.3	6.9
0	0.333165094	7.8	0.6
0	6.236963541	7	10.3
0	2.081919206	7.1	3.4
0.1	0.120315066	4.4	0.2
0	0.118854951	-0.8	0.2
0	2.061543952	-0.2	3.4
0	0.541629574	1.7	0.9
0	0.059240328	1.8	0.1
0	3.050590681	6.1	5
0	0.059608625	7.7	0.1
0	5.23786195	9.3	8.3
0	5.028530032	8.5	7.6
0	8.39528692	7.5	11.7
0	12.31988524	8	15.5
0	1.342299787	4.5	1.7
0	3.197452858	3.6	4
0	6.222098712	4.4	7.5
0	0.163318041	2.3	0.2
0	0.483531608	2.7	0.6
0.3	0	2.9	0
1.7	0.311546514	4	0.4
0	14.17520248	4	16.4
0	11.62822729	5.9	12.6
0.1	0.180857505	5.9	0.2
0	0.621895547	6.5	0.7
0	0.879283846	2.3	1
0	2.908988011	5.1	3.3
0	12.34518184	6.2	13.1
0	10.58299193	4.7	10.7
0.4	0.096921964	5.3	0.1
0.5	0.285339778	5.2	0.3
0.7	0	3.7	0
0.6	0.275707926	2.4	0.3
0	2.292234547	3.9	2.5
0.4	0.089923401	4.7	0.1
0	9.031769638	4	9.6
0	13.02376056	4.5	13
0	7.917266604	5.3	7.7
0	7.710113205	1.4	7.3
0.1	0	1.5	0
0	7.559638628	2.1	7.1
0	1.477026499	2.3	1.4
0	10.71159426	5.4	9.8
0	0.644109652	5.7	0.6
0.7	0	10.6	0
0.7	0.921391654	7.3	0.9
1.2	0.400718293	7.6	0.4
0	18.56975824	5.1	17.1
0	1.070827142	4.4	1
0	0.421136613	4	0.4
0	0.934544111	3.9	0.9
0	4.064023333	4.3	3.9
0	10.49073568	4	9.7
0.5	0.856484974	-0.3	0.8
0	0.635464089	-0.8	0.6
0	1.467649802	3.3	1.4
0	9.286157767	4.9	8.6
0	3.767342363	7	3.5
0.9	0.211310509	4.4	0.2
1.2	0.103868001	2.6	0.1
1.4	0	1.5	0
1.3	0	-0.4	0
1.4	0	-0.2	0
1.5	0	2.1	0
0.3	1.255683573	2.8	1.3
0	1.436647099	3	1.5
0	0.094087727	3.3	0.1
0.3	0	2.5	0
0.2	0.547792329	1.6	0.6
0	1.082831274	4.5	1.2
0.3	0.088347986	6	0.1
0	3.460417676	6.8	3.9
0.7	0.436494932	4.4	0.5
0.1	0.601053587	5.8	0.7
0	2.653467993	8.5	3.1
0	3.264828191	7.3	3.8
0	3.351052465	10	3.9
0.1	0.083547487	10.4	0.1
0	2.234767907	10.8	2.7
0.7	0.16134084	9.5	0.2
0	1.351585938	9.8	1.7
1.3	0.155066408	9.2	0.2
1.5	0	7.6	0
2	0	7.7	0
2.7	0	8.9	0
0	4.574571955	9.8	6.2
0	1.171011287	5.8	1.6
0.7	0.504385419	5.8	0.7
0.7	0.070418688	7.4	0.1
1.9	0	10.4	0
2.5	0	6.5	0
3.8	0.460238509	7.4	0.7
0	4.512743625	5.9	6.6
1.3	0.067224943	2.8	0.1
0	3.098650983	1.8	4.5
0	2.724370496	4.9	3.9
0	0.343073796	6.4	0.5
0.8	0	3.5	0
1.3	0.39916208	2.7	0.6
0	8.731342859	1.8	12
0	2.419896729	4.7	3.3
1.5	0	4.4	0
1.8	0.426743317	1	0.6
0	5.901091919	2.8	7.9
2	0	5.4	0
0	1.907891407	3.5	2.6
0.5	0	6	0
2.4	0	9.7	0
2.7	0.136299982	9	0.2
3.3	0.199714504	8.9	0.3
5.5	0	9.5	0
7.2	0	7.9	0
7.8	0.061939959	5.6	0.1
8.5	0	8.6	0
8.6	0	7.6	0
9.3	0	5.9	0
9.3	0.512643354	6.1	0.9
10.4	0	7.7	0
9.3	1.16727368	7.2	2.1
8.2	1.560441879	10.3	2.8
9.5	0	9	0
11.4	0	10.8	0
0	8.371836153	10.1	14
0.8	0.233259598	10.7	0.4
1.2	0.400042294	9.8	0.7
0	0.968356875	5.9	1.7
0	10.56710508	5.3	16.1
0	2.25036228	7.2	3.4
0	2.753764183	7.1	4.1
0.5	0.197149065	7.9	0.3
0	2.528175917	7	3.8
0	1.867485885	7.2	2.8
0	5.909326529	6.5	8.4
0	2.713371187	3.1	3.8
0.8	0.494192643	2.4	0.7
2	0.911042306	3.6	1.3
3.4	0.624505146	2.8	0.9
5.2	0.068251636	2.4	0.1
6.2	0.067197478	1.5	0.1
4.1	1.967128015	2.1	2.9
0	8.887831501	1.5	12
1.9	0	5.4	0
3.1	0	6.7	0
1.9	2.578141542	5.4	3.6
0	2.006528197	7.2	2.8
0	2.67160139	7.7	3.7
0	7.448760141	11.5	9.8
0	1.72677479	11.7	2.3
0	1.259315797	9.7	1.7
0	4.786775892	9.2	6.3
0.4	0.746156691	9	1
2	0.072852346	8	0.1
2.4	0.573668102	6.6	0.8
0	4.575714781	7.5	6.2
1	0.072058428	8	0.1
3.1	0	6.7	0
5	0	9.5	0
8.4	0	8.9	0
10.7	0	11.6	0
10	1.549326175	8.6	2.4
9.1	2.27449591	9.3	3.5
9.5	1.417708758	10.8	2.2
10.7	0	10.1	0
13.9	0	12.7	0
16.1	0	11.1	0
11	3.403687468	8.1	5.6
13.9	0.118334252	10.5	0.2
15.9	0.057339541	12.3	0.1
18.4	0	16.3	0
21.9	0	16.1	0
25	0	14.9	0
27.5	0	14.7	0
30.4	0	14.7	0
33.1	0	14.7	0
33.1	0.354878019	12.7	0.8
36	0.043022308	12.1	0.1
37.6	0	9.7	0
39.3	0	13.3	0
43.7	0	14	0
45.6	0.305496293	13	0.8
47.2	0.927737563	9.1	2.4
39.7	3.842913279	7.6	8.9
24.6	8.851204863	9.3	16.9
0.4	16.72711757	9.6	25.2
0	3.883860385	9	5.7
0	3.836957136	8.7	5.5
0.2	0.27312182	8.2	0.4
0	5.951886401	7.8	8.3
1.6	0.06990506	9	0.1
3.8	0	10.9	0
3.3	2.233597047	12.5	3.3
0.7	2.372394287	11.4	3.5
3.2	0	15	0
0	7.309836142	11.9	10.5
0.8	0.33794008	13.1	0.5
0	7.925571664	13.1	11
1.6	0.494552543	8.6	0.7
3.5	0.068884863	8.9	0.1
0	6.38743027	8	8.8
0	6.857157605	9.1	9
0.6	0.746135586	10.6	1
2.5	0.144882085	11.7	0.2
5.8	0	11.7	0
6.6	0.342445923	10.7	0.5
8.6	0	16.3	0
11.5	0	17.7	0
14.5	0	17.1	0
15.1	1.548858484	13.6	2.6
15.3	0.637805089	15.1	1.1
16.8	0.111523929	16.1	0.2
16	2.187212505	14.7	3.9
9.8	4.988453046	12.7	8.4
0.7	6.714702044	12	10.5
3.4	0	13	0
4.9	0	12.9	0
5.7	0	12.5	0
6	0.056257629	10.4	0.1
8.3	0	14	0
11.4	0	16.1	0
14.2	0.250755665	17	0.5
17	0	15.1	0
18.6	0	12.3	0
22	0.045258102	12.5	0.1
22.6	0.533346629	13.4	1.2
25.8	0	16.1	0
22.7	2.029108883	12.2	4.6
20.8	2.729828505	12.8	5.9
5	10.21001838	14.3	18.3
7.4	0	12.1	0
10.6	0.104641026	13.3	0.2
12.2	0.15214791	13.4	0.3
8.8	2.882603802	12.8	5.5
10.9	0.460633516	13.3	0.9
12.3	0.50108027	12.8	1
5	4.325683758	12.9	8.1
0	4.742962097	15.5	8.4
1.4	0.218621779	14.4	0.4
0	2.785117485	14.6	5
0.8	0.10754803	14.6	0.2
3.6	0.052008794	13.3	0.1
4.6	0.354617404	13.4	0.7
0	3.212934576	13.3	6.1
0	2.693091424	14	5
0	1.890708138	14.6	3.5
0	1.840628493	14.4	3.4
0	2.358916999	13.9	4.3
0	1.46667437	15.9	2.7
1.9	0	13.4	0
1.8	1.680476931	14.4	3.2
4.2	0.202810467	15.6	0.4
5.5	0.54447107	14.7	1.1
7	1.226597346	15.8	2.5
6	1.215583262	16	2.5
0.7	3.356764983	14.7	6.6
3	0	17.9	0
3.9	0.04677959	15.1	0.1
5.4	0.044766511	17.6	0.1
5.8	1.110759376	16.6	2.5
6.3	0.566670185	14.6	1.3
8.3	0.426460328	14.1	1
7.1	1.282107819	16.3	3
9.9	0.041328463	13.5	0.1
3.4	4.135773489	13.8	9.1
5.3	0.087667651	15.2	0.2
7.4	0	13.3	0
8	0.123555518	12.2	0.3
4	2.69975608	13.7	6.2
6.7	0	14	0
8.9	0	12.3	0
0	6.59918826	12.1	13.8
2	0.046464296	11.1	0.1
0.4	1.357984921	11.5	2.9
1.6	0.045517688	10.9	0.1
2.8	0	9.4	0
3.8	0	12.5	0
4.9	0	15.7	0
7.2	0	16.1	0
0	4.330451787	13.1	9.8
0	8.454021749	13.6	16.1
1.8	0.050382277	16.6	0.1
1	0.643063573	13.3	1.3
2.5	0.095646519	14.1	0.2
3.7	0.045987828	15.8	0.1
5.2	0.044345425	14.7	0.1
3.9	1.747254634	17.3	3.9
0	7.89501815	15.6	15.1
0	4.598358341	14.9	8.3
0.5	0.214822776	13.8	0.4
1.6	0.420670295	11.3	0.8
0	2.095808644	7.3	3.9
1.6	0	8.5	0
3.6	0.050892161	11.1	0.1
5.4	0	11	0
7.8	0	11.2	0
8.1	0.566495957	11.4	1.2
9.4	0	14.8	0
10.9	0	14.7	0
13.1	0	17.1	0
14.1	0.04028353	15.8	0.1
15.4	0	13.6	0
15.9	0	10.5	0
16.2	0	10.8	0
17	0	12.1	0
17.1	0	10.5	0
17.9	0	12.1	0
17.8	0.097788267	11.4	0.3
16.5	0.726752439	10.1	2.2
4.5	4.868409284	11.1	12.3
4.7	0.231768564	13	0.6
5.3	0	10.6	0
5.8	0.036615473	8.8	0.1
1.8	1.731795205	7.8	4.5
0	2.202493308	9	5.4
0.6	0.079532408	10.2	0.2
0.9	0.038861031	7.9	0.1
1.8	0	9	0
0	3.110851867	8.6	7.5
0	1.529065832	10.8	3.6
2.1	0.041344878	10.2	0.1
0	2.871057098	10.1	6.5
0	2.006442018	10.5	4.4
0	3.301580075	9.3	6.8
0	3.674940542	7.3	7.1
0	10.48247688	8.9	17.2
0	1.909484227	5.1	3.1
0.1	0.672734754	3.1	1.1
0.4	0.059992572	4.8	0.1
0	13.861113	5.6	19.6
0	2.932771584	7.7	4.1
0	1.693313894	13.4	2.4
0	2.773105068	9	3.9
0	11.33975737	8.3	14.5
0.9	0.30647556	7.3	0.4
0	7.405777912	6.9	9.2
0	17.47308748	6.3	19.3
0	2.899073532	5.5	3.2
0.6	0.623040523	6.5	0.7
1.4	0	5.8	0
1.7	0	4.2	0
1.9	0	3.5	0
0	69.96163582	1.4	59
0	7.214322254	2.1	6
0	2.992585694	2.3	2.5
0	5.166326291	3.3	4.3
0.5	0.354028468	4.2	0.3
0	3.164546063	5.4	2.7
0	8.155987008	9.9	6.9
0	4.335445634	10.1	3.7
0	2.436428887	5.4	2.1
0.2	0.455402287	5.4	0.4
0	3.627659197	5.9	3.2
0	4.071705343	6.1	3.6
0	6.852389735	6.8	6
0.6	0	3.9	0
1	0	1.6	0
0.6	0.436010363	-2.1	0.4
0	1.18996004	-1.3	1.1
0	0.962649123	1.5	0.9
0	2.122364176	4.2	2
0	3.703725846	7	3.5
0	1.251229684	6	1.2
0	2.598217013	3	2.5
0	0.204011003	4.5	0.2
0	2.123959244	5.6	2.1
0	0.59569381	6.3	0.6
0	11.97843023	6.1	11.5
0	0.101971538	6	0.1
0	1.007658698	2.9	1
0	0.296898369	4.5	0.3
0	0	7.3	0
0	0.094376022	7.8	0.1
0	0	5.8	0
0	0.273275674	0.9	0.3
0	0	-3.3	0
0	0	-3	0
0	2.043473791	1.3	2.3
0	1.588166609	4.2	1.8
0	0.433840976	4.8	0.5
0	2.597162518	7.3	3
0.2	0.853933242	5.3	1
0	3.350108968	6.3	3.9
0	8.137104907	7.6	9.1
0	2.308330151	8.3	2.6
1.1	0.348435706	6	0.4
0	1.377374167	7	1.6
0	2.395271689	9.1	2.8
0	5.337324907	5.4	6.1
0	0	3.4	0
0.2	0	0.1	0
0.3	0.334346577	0	0.4
0	1.078421176	2.2	1.3
0.2	0.245143382	2.3	0.3
0.3	1.132768581	5	1.4
0	3.944907734	5.2	4.8
0	19.71075777	5.1	21.1
0	0.924628298	1.9	1
0.3	0	0.6	0
0	5.969652602	3.4	6.4
0	0.551244473	3.9	0.6
0	0.361634646	3.6	0.4
0	16.19137878	3.9	16.4
0	3.963793598	5.6	4
0	4.905179349	4.8	4.9
0	5.896956285	4.6	5.8
0	19.66860651	5	17.8
0	0.434324484	4.4	0.4
0.1	0.320379136	3.2	0.3
0	1.481259731	2.4	1.4
0.2	0	0.3	0
0.4	0.102915047	-2.3	0.1
0	2.786070545	-1.7	2.7
0	0.203547318	0	0.2
0	1.411584349	2.8	1.4
0	16.558904	4.3	15.3
0	17.27502403	5.3	15
0	2.288983738	2	2
0	1.358615708	2.3	1.2
0	24.37992611	4.3	19.8
0	1.944244926	5.6	1.6
0	0.956179417	5.1	0.8
0.6	0	3.1	0
0.9	0	3.1	0
0	3.445279866	4.3	3
0	32.57423213	3.6	25.4
0	3.708641562	1.8	2.9
0	0.125789744	2	0.1
0	1.242279893	2.4	1
0.2	0.365853752	4.6	0.3
0	2.046071257	6	1.7
0	0.117753269	6.4	0.1
0.5	0	8.1	0
1.5	0	4.8	0
1.5	0	4.9	0
1.3	1.081295671	8.4	1
2.5	0.105395034	8.9	0.1
4.1	0	5	0
3.7	0.917792654	2.8	0.9
4.6	0	0.3	0
5.5	0	-1.8	0
5.9	0	-1.4	0
6.6	0.0962619	0.9	0.1
6.7	0	3.4	0
6.7	0	4	0
7.5	0.091098269	2.9	0.1
7.2	0.448221028	4.2	0.5
7.1	0.263816483	5.6	0.3
8.1	0.606823714	4	0.7
5.1	4.222145504	4.1	4.8
2.7	2.10291965	5.2	2.4
3.8	0.689075895	6.7	0.8
0	9.055729392	4.5	10
0	0.624952292	3.8	0.7
1.5	0	2.5	0
2.1	0.432488772	2.6	0.5
2.7	0.170232391	2.5	0.2
2.7	0	5.1	0
4	0	6.2	0
0	5.464429085	3	6.5
0	10.00453589	3.9	11.2
0	3.783458065	5	4.2
0	6.863246142	5.3	7.4
0	3.25875105	4.1	3.5
0	2.987642048	3.3	3.2
0.6	0	2.5	0
0	2.7600159	2.3	3
0.3	0.09041175	3	0.1
0	1.166002957	1.9	1.3
0	2.149255554	3	2.4
0.8	0	3.7	0
1	0.433169988	2.7	0.5
0	2.600989893	5.1	3
1.9	0.084730902	7.3	0.1
3.2	0	6.8	0
3.8	0	7.6	0
4.1	0	8.8	0
5.1	0.771046083	10.6	1
7.1	0	7.3	0
8.7	0.147317322	7.3	0.2
6.4	2.519320733	6.5	3.4
4.3	2.83894383	7.1	3.8
2.7	2.638298407	4.5	3.5
2.7	0.518149052	7.5	0.7
3.7	0.58039079	9.3	0.8
5.1	0	6	0
6.6	0	5.8	0
8.1	0	3.6	0
4.4	4.089012163	3	5.8
4.8	0.138084043	6.6	0.2
7.1	0.269596837	9.8	0.4
7.7	0.065995485	6.1	0.1
8.8	0	11.1	0
10.1	0	8.3	0
10.9	0.182535439	10.5	0.3
9.8	1.147503512	9.3	1.9
8.2	1.690139041	10.7	2.8
8.9	0.833230293	10.3	1.4
11.3	0.057950513	9.8	0.1
12.1	0	10.7	0
13.4	0.830442435	12.6	1.5
15.7	0.053901035	9.9	0.1
12.9	2.725047221	7.6	4.9
4.5	6.50736549	7.8	10.7
2.7	2.231319714	2.2	3.6
0	2.868302397	1.2	4.5
0	1.996086355	4.4	3.1
0.6	0	2.5	0
1.5	0.062146491	3.7	0.1
0	1.372766224	2.7	2.2
0.8	0.680525487	4.2	1.1
0	11.41410616	5.8	16.2
0	4.425552406	7.2	6.1
0	2.17529033	8.9	3
3.2	0	10.5	0
3.9	0	7.7	0
4.6	0	9.3	0
5.6	0	8.8	0
8.8	0	12.5	0
10.3	0	12.5	0
12.8	0	12.6	0
14.2	0	9.2	0
15.5	0	7.9	0
16.8	0	8.3	0
18.6	0	13.8	0
20.6	0	10.5	0
16.6	4.253384562	11.3	7.8
15.8	0.75580291	8.8	1.4
10.2	4.566448691	13	8
10.6	1.246761454	11.7	2.2
0.3	6.853200789	11.5	11.1
0	5.315470444	12	8.2
0	8.02130627	12.6	11.5
0	9.975505594	12.5	13.2
0	2.563558021	11.2	3.4
1.8	0.146601184	11	0.2
2.1	0.071162502	11.3	0.1
2.8	0	9.9	0
5.3	0	9.1	0
8.8	0	10.9	0
11.8	0	11.7	0
14.1	0.061482939	12	0.1
11.8	2.873864069	11.1	4.6
13.8	0.12212104	8.1	0.2
14	0.903031987	10.8	1.5
15.7	0.710989385	10.2	1.2
18	0.758449814	10.6	1.3
19.4	0.112990685	13.2	0.2
16	3.290507354	15.9	5.7
15.5	1.318766533	11.9	2.3
18	0	13.3	0
19.8	0	9.2	0
21.8	0	10.8	0
23.1	0	12.5	0
11.5	7.365603559	10.7	12.9
11.5	0.335246947	10.1	0.6
9	2.860751388	11.7	5
0	10.3277023	9.3	15.8
0	2.981862572	10.4	4.5
0.9	0.064684298	8.2	0.1
2	0.63505644	10	1
4.3	0	12.3	0
6.4	0	11.6	0
6.6	1.180913633	11.2	2
6	0.873688515	10.8	1.5
6.7	0.918395306	12	1.6
8.8	0	13.8	0
11.3	0.053568713	13.3	0.1
12.4	1.324998814	15.6	2.5
16.5	0	13.8	0
18.1	0	15	0
14.4	3.563510145	14.4	6.9
17.3	0.05017582	11.1	0.1
17.4	1.830748006	11.5	3.6
18.8	0.049389493	11.3	0.1
20.4	0	13.2	0
22.7	0	13.9	0
25.8	0	15	0
11.6	9.445375597	15.9	17.7
11.4	0.363293794	14	0.7
11.6	0.770025434	10.5	1.5
13	0.049846402	11.4	0.1
15.5	0	13	0
17.7	0.046427307	15	0.1
16.3	0.780956962	12.8	1.7
10.2	4.300254024	15.9	8.7
12.9	0	16.5	0
15	0.13719448	15.4	0.3
17	0	16.3	0
17.8	0.513203892	16.6	1.2
20.9	0.040654704	19.8	0.1
23.9	0	19.6	0
25.4	0	19.5	0
30.2	0	17.9	0
33.3	0	17.2	0
34.1	0.294480976	16	0.9
36.7	0	12.5	0
39.5	0	13.6	0
41.1	0.029452912	15.3	0.1
43.2	0	15.1	0
39.6	1.291881532	12.6	4.3
38	1.018750818	15.8	3.3
38.8	0.27143103	16.3	0.9
40.8	0	12.9	0
43.9	0	14.1	0
48.4	0	16.9	0
50.4	0	16.8	0
51.5	0	12.4	0
54.4	0	13.1	0
57.2	0	13.9	0
58	0	10.8	0
61.1	0	16.7	0
64.1	0	16.9	0
67.9	0	18.4	0
71.6	0	18.9	0
75.1	0	20.3	0
78.9	0	19.9	0
81.9	0	19.4	0
80.9	0.535890358	17	3.1
83.5	0.049775384	19.8	0.3
84.5	0.032229164	14.3	0.2
85.3	0.079482059	12.6	0.5
87.2	0	11.9	0
88	0	11	0
88.9	0	11.9	0
88.3	0.373014612	10.3	2.4
88.7	0.15552798	15.4	1
87.6	0.619083577	14.2	3.6
89.6	0	12.7	0
88.7	0.618228028	12.3	3.4
78.8	2.619923632	10.9	10.8
77	0.868357817	12.8	3.4
79.1	0	13	0
80.6	0	11.3	0
82.6	0	11.7	0
84.2	0	8.8	0
85.8	0	9.4	0
86.5	0.064746319	10.1	0.3
81.6	1.251877779	12.3	5.2
79.3	1.220653271	16.2	4.7
81.4	0	16.2	0
83.6	0	14.5	0
82.5	0.541852874	11.3	2.2
83.7	0.071945574	13.2	0.3
84.6	0	15.5	0
86	0	16.7	0
88	0	18.1	0
89.9	0	19	0
92.3	0	20.9	0
94.8	0	20	0
86.9	2.07682941	16.2	9.1
88.5	0	14.3	0
84.8	1.240967188	14.1	5.1
86.6	0	12.3	0
89.1	0	13.6	0
85	1.300179972	16.1	5.2
85.9	0.073310443	11.3	0.3
87.6	0	12.1	0
89.2	0	10.8	0
91	0	10.7	0
84.9	1.757179105	10.4	6.8
85	0.256869202	11.1	1
84.6	0.494845153	12	1.9
72.4	4.38119001	14.1	13.2
48.3	11.6835674	15	24.8
49.8	0	15.2	0
48.9	1.322205206	12.8	2.9
35.8	7.361344228	13.6	14
33.1	2.238958186	13.8	4.2
35.1	0	13.5	0
36.7	0.049913552	12.1	0.1
30.2	3.925116238	10.2	7.4
28	1.766728767	10.6	3.3
21	4.293925717	12.1	7.6
18.4	2.109524937	11.8	3.7
14.6	2.932648118	8.3	5
15.2	0.461450425	8.3	0.8
15.1	0.683635648	8.4	1.2
16.5	0	7.6	0
17	0	4.4	0
17.8	0.10711761	4.7	0.2
18.1	0.104743093	8	0.2
19	0	9.8	0
19.8	0	12.9	0
20.2	0.287035678	14.3	0.6
21	0.04667121	8.8	0.1
21.6	0	7.1	0
22	0	9	0
22	0.043340035	8.6	0.1
22.4	0	9.6	0
22.6	0	10	0
23.4	0	10.3	0
23	0.316293671	4.8	0.8
20.9	1.16963232	8.2	2.9
21.6	0.039425301	7.7	0.1
10.4	6.081110213	8.9	13.1
9.1	0.831832179	10.3	1.8
8.2	0.639318238	11.5	1.4
0	7.245721303	8.6	13.7
0	0.784859574	10.2	1.5
0.2	0.102013909	9.9	0.2
0	1.594864494	10.5	3.1
0.8	0.050186464	8.8	0.1
1.2	0.098086057	8.5	0.2
0	1.533230045	11.4	3.1
0	2.450891328	9.6	4.8
0	4.538475231	10.5	8.3
0	0.594891776	7.2	1.1
0	2.554831216	8.4	4.6
0	8.535937404	10.8	13.7
0	14.14394714	9.8	19.5
0	1.442000641	6.9	2
0	1.580689466	6.4	2.2
0.3	0	8.9	0
0.8	0	4.7	0
1.8	0	4.1	0
1.9	0	4.1	0
2.2	0.064485099	7.5	0.1
2.7	0	8	0
2.8	0	7.6	0
2.7	0.180939897	5.4	0.3
3.3	0	3.9	0
4	0	2	0
4.5	0	1.9	0
4.4	0.740068768	3.6	1.3
4.9	0	3.4	0
5	0	2.1	0
5.4	0	5.5	0
3.5	1.074485988	7.6	2
1.8	1.179233424	9.8	2.2
1.9	0.906625883	8	1.7
0	5.051439421	8.1	8.8
0	10.07749982	7.8	15.4
0	11.19943711	8	15.3
0	1.309119153	5.9	1.8
0	1.446032143	6.8	2
0	6.776087669	6.5	8.9
0	16.6635247	5.6	19.3
0.7	0.254894954	3.1	0.3
1.1	0.41919356	2	0.5
0	5.244231439	4	6.1
0	7.888473546	4.7	8.8
0	3.42427762	5.3	3.8
0	19.42062819	5.4	19.4
0	9.877389092	4.3	9.5
0	3.438432283	2.4	3.3
0	16.98911684	1.7	15.2
0	4.379535212	1.8	3.9
0	0.11079507	-1.1	0.1
0	15.50096717	-2.2	13.2
1.1	0.115501001	2.1	0.1
0	7.617371545	4.6	6.5
0.3	0	4.9	0
0.3	0	-1.3	0
0.3	0	-2.7	0
0	4.285698401	-3.2	3.8
0	2.476295391	-1.1	2.2
0	6.139882634	4.1	5.4
0	17.05951799	4.6	14.2
0	15.12797271	5.5	12.1
0	3.236175464	2.3	2.6
0	0.367928664	1.3	0.3
0.3	0	2.8	0
0.4	0	0.8	0
0	1.527374807	1.1	1.3
0	2.333927665	2.3	2
0	0.343918052	4.1	0.3
0.9	0	5.2	0
0	3.464844209	5.9	3.1
0.6	0.328660118	5.9	0.3
0	12.81045327	3.5	11.2
0	14.57980565	5.1	12.2
0.4	1.055796566	7	0.9
0	7.120360357	4.5	6
0	4.38605369	4.9	3.7
0.7	0.116450684	3.2	0.1
0	0.918287365	3.5	0.8
0	13.24427565	4.5	11.1
0	0	4.3	0
0	0.345950239	1.1	0.3
0.4	0	2.2	0
0.6	0	2.4	0
0.6	0	3.2	0
0.5	0	6	0
0.6	0	6.6	0
0.8	0	3.8	0
0.8	0	4	0
1.3	0.197778988	3.9	0.2
1.8	0	2.8	0
2.2	0.095530916	2.3	0.1
2.5	0	3.1	0
2.8	0	1.9	0
3.3	0	2.5	0
1.5	1.712433275	3.4	1.9
0	6.462857986	7.1	7
0	2.389674524	6.1	2.6
0	5.418586796	6.4	5.8
0	9.023997252	6.5	9.3
0	0.379734233	7.8	0.4
0	1.598583504	5.1	1.7
0.4	0.831693726	7.1	0.9
0.4	0.180227345	9.1	0.2
0.7	0.529415582	8.3	0.6
0	3.458530992	6.3	3.9
0	3.204926789	5.5	3.6
0	9.225155345	5.8	9.9
0	13.88278143	4.3	13.9
0	2.386528806	4	2.4
0	10.35752316	4.7	10
0	11.82629373	2	10.9
0	1.937545819	3.1	1.8
0	1.385348212	2.5	1.3
0	6.721508804	3.3	6.2
0	1.506869617	0.2	1.4
0	4.114816349	0.7	3.8
0	1.933333888	3.3	1.8
0.2	0	3.1	0
0	1.677089448	0.6	1.6
0.1	0.103112447	2	0.1
0.8	0.406519362	1.9	0.4
0	3.253132408	3.9	3.2
0	3.46244017	3.7	3.4
0.5	0.099905683	4.4	0.1
0	12.71832079	6.3	12.1
0	4.963187352	6.8	4.7
0.7	0.832085995	4.5	0.8
1.6	0.101999231	4.7	0.1
2.4	0.804531039	3.8	0.8
0	5.188314139	4.3	5.1
0.3	1.105361236	3.8	1.1
1.3	0	1.3	0
1.8	0.976024812	3.9	1
0.6	1.637833268	7.4	1.7
0	1.99133646	10.8	2.1
0	6.026131921	12.3	6.3
0	4.016866305	9.6	4.2
0.2	0	8.4	0
1.8	0	9.3	0
3.1	0.088640029	7.8	0.1
3.6	0.172767445	9.5	0.2
5.1	0	6.2	0
5.2	0	5.9	0
6.7	0	9.8	0
7.7	0	8.9	0
9.5	0	5.7	0
10.1	0	7.1	0
12.3	0	10.5	0
13.1	0.427661316	8.7	0.6
14	0.069854678	5.4	0.1
1.2	10.0961244	5.3	13.2
1.2	0.601912828	6.8	0.8
1.8	0	4.7	0
0.4	2.682953077	4.1	3.6
0.8	0.146557396	3.4	0.2
1.8	0	5.4	0
2.8	0.070330747	5.3	0.1
2.5	0.3461756	4.7	0.5
1.1	1.378131114	6.6	2
1.6	0.271213732	4.4	0.4
0.8	2.827730816	4.6	4.1
1.5	0.54619295	2.3	0.8
3.1	0	2.1	0
4.9	0	5.3	0
6.8	0	5.9	0
7.6	0	4.6	0
8.2	0	7.5	0
8.3	0	4.7	0
7.1	1.084775051	4.1	1.8
0	6.237540793	4.2	9.6
0	17.16772349	3.8	22.2
0	2.729923949	4	3.5
2.2	0	5.2	0
2.7	0.225774187	2.4	0.3
1	2.269990399	3.9	3
0	8.131040468	2.8	10.1
1.4	0	6.6	0
1.6	1.874912856	9	2.4
1.4	2.247723516	11.6	2.9
0.4	3.030084857	10.4	3.9
2.1	0	10.5	0
2.4	0.966473721	8.7	1.3
0	13.0462703	9.7	15.9
0	12.11113812	8.2	13.7
0	23.55187952	7.3	23.4
1.3	0.196207544	9.3	0.2
3.1	0	9.6	0
3.6	0	9.3	0
6.1	0.090145564	11.6	0.1
8.3	0	10.4	0
11.2	0	12.3	0
12	0	8.4	0
14.2	0	7.8	0
15.7	0	5.7	0
20	0	11.6	0
25	0	14.3	0
28.1	0	11.8	0
32.1	0	14.9	0
33.8	0	10.1	0
37	0	10	0
41	0	12.6	0
45	0	14.3	0
47.6	0	15.5	0
49.5	0	15	0
29.6	13.72356009	11.4	20.5
32	0.656681985	10.3	1
33.5	0.580207544	9.4	0.9
30.5	3.769156917	10.4	5.7
29.6	1.646182147	9.8	2.5
31.6	0	12.1	0
35.1	0	10.2	0
37.3	0.120651151	10.6	0.2
40.1	0.058797743	9.2	0.1
40	2.013473965	10.3	3.4
30.5	7.523735847	8.1	11.6
33.1	0.126526162	9.3	0.2
33.3	1.003274097	7.9	1.6
36.5	0	10.3	0
38.6	0.238461262	8.8	0.4
38.6	1.065153773	8.9	1.8
39.8	0.114698142	12.8	0.2
41.3	0	12.6	0
25.1	11.41095847	8.7	17.6
25.6	0.126859797	7.4	0.2
25.9	0.310580103	8.7	0.5
25.9	0.918235411	10.9	1.5
27	0.660319965	11.5	1.1
28	0.116587323	11.8	0.2
15.3	9.002952634	8.8	13.8
14.2	2.361657365	10.3	3.6
15.2	0.063778096	10.6	0.1
15	1.065083856	13.3	1.7
19.6	0	13.7	0
22.5	0	12.7	0
25.8	0	11.1	0
29.4	0	14.6	0
31.3	0	15.4	0
34.6	0	18.5	0
38.6	0	20.2	0
40.1	0.744653409	16.1	1.6
39.3	1.399244453	14.8	3
35.6	3.025642698	13.8	6.2
37.8	0	12	0
40.5	0	12.6	0
43.2	0.088847018	12	0.2
45.2	0	11.9	0
46.2	0	11	0
46.6	0.163055922	11.3	0.4
49	0	12.3	0
50.3	0	9.9	0
51.6	0.074608774	11.9	0.2
53.3	0	13.5	0
55.2	0	13.6	0
56.4	0	11.7	0
50.4	3.168571706	13	8.4
51.8	0.036731657	10.1	0.1
55.1	0	9.6	0
53.7	1.479227829	13.2	4
39.9	6.999823359	13.9	15.5
41.6	0.264567126	12.2	0.6
44.8	0	11.2	0
46.9	0	12	0
48.6	0.040048646	13.8	0.1
51.4	0	13.7	0
53.6	0	12.5	0
56.3	0	12.3	0
59.3	0	12.8	0
61.3	0	16.1	0
64.5	0	15.5	0
69.7	0	17.4	0
73.4	0	17.6	0
76.5	0	15.8	0
79.9	0.137475735	16.2	0.5
80.3	0.272346686	12.2	1
80.4	0.187165495	13.3	0.7
83	0	16.2	0
85.2	0	16.6	0
75.8	3.422971546	14	11.2
71.9	1.623036119	15.1	5
66.9	2.52285003	15.6	7.1
60.6	2.569328435	14.3	6.7
64.5	0	17.1	0
55	4.773707133	14.8	11.3
57.2	0	15.6	0
58.8	0	14.3	0
60.4	0	14.7	0
63.9	0	18.8	0
65.5	0.03457364	15.1	0.1
64.4	1.41639591	18.4	4
59.1	2.183507133	14.7	5.8
61.7	0	17.6	0
63.8	0	14.5	0
55.8	3.597674284	13.4	9.2
46.5	4.755422121	17.1	10.8
48.7	0.169099883	18	0.4
50.7	0	14.8	0
48.7	1.851331998	12.5	4.4
22.7	16.69472427	13.7	28.7
15.4	5.764095889	12.5	9.3
2.6	9.843251238	11.6	14.3
0	4.443483156	12	6.3
0	2.469939914	11.2	3.5
1.6	0	12.6	0
3.7	0	13.5	0
6.2	0	15.8	0
4.1	3.316144632	17.1	5.2
2.3	1.825655536	16.2	2.9
4.4	0.304344586	15.1	0.5
5.6	0	13.9	0
7.9	0.056727072	13.8	0.1
8.9	0.552244038	14.8	1
7.4	1.037854907	12.3	1.9
0	7.836856379	12.5	12.9
0.4	0.895022409	12.8	1.5
1.4	0	9.7	0
0	6.526258824	10.5	10.4
0	4.62997075	18	7.2
0	4.158150872	13.1	6.3
1.1	0.191956553	13	0.3
2.9	0	13.8	0
4.8	0.600684206	14.7	1
0	32.30923358	14.3	39.4
0	3.516488375	13.7	4.3
0.8	0.237238512	13.9	0.3
1.1	1.003456635	13.3	1.3
0	1.669733485	13.4	2.2
0	1.493955504	12.3	2
1.4	0.144628676	13.1	0.2
0	6.936230296	13.9	9.2
1.3	0.073302375	10.5	0.1
0	18.18814208	8.6	21.5
0	3.383302428	10.8	4
0	4.439696392	10.3	5.2
0.1	1.339445789	11.8	1.6
1.4	0.808598605	16.5	1
0	3.449616627	16.1	4.3
0.6	0.155408857	12.8	0.2
0	8.25501942	10	10.1
0	4.022364329	12.5	4.9
0	1.132071997	8.6	1.4
1.3	0.395191138	9.2	0.5
1.7	0.076528938	12.6	0.1
3	0	12.4	0
2.5	1.385058186	12.1	1.9
3	0.712951348	11.5	1
0.6	3.387945537	10.9	4.7
1.2	0.423661534	8.7	0.6
0	2.126173751	6.5	3
0	5.441445082	9.2	7.4
0.7	0	7.5	0
0	22.02381144	4.6	25.6
0	0.931989854	7	1.1
0	4.931342082	4.8	5.7
0	0.937329473	6.9	1.1
0	1.426184103	10	1.7
1.2	0	10.5	0
1.7	0	9.9	0
2.2	0	8.9	0
1.2	2.233978598	8.5	2.9
0.5	1.13864588	9.3	1.5
0.7	0.297596161	7.1	0.4
0	0.808440576	5.7	1.1
0.5	0	6.3	0
0	5.545291375	5.1	7.4
0	7.684524348	6.3	9.7
0	17.15075737	9.8	19.3
1.2	0.433777498	9.7	0.5
0	2.594087654	8	3
0	0.847753177	9.4	1
0	8.419575016	7.1	9.5
1.1	0.520635987	8.4	0.6
1.3	0.427062656	4.1	0.5
0.6	0.842357124	5.5	1
0.2	1.419700702	5.5	1.7
0.4	0	2.7	0
1.1	0	5.1	0
1.3	0	4.8	0
0	7.450696713	3.7	9
0	44.45944716	5	41.7
0	21.51643899	6.1	18.6
0.5	0.340277393	5.6	0.3
1	0	6.7	0
0	1.643425898	4.8	1.5
0	18.87597436	4.6	16.1
0	2.791569343	5.1	2.4
0.1	0.113985687	5.2	0.1
0.5	0.223673144	4.7	0.2
0	7.046226697	2.8	6.2
0.1	0.559130552	3.7	0.5
0.8	0	3.5	0
0.3	1.083762804	3.2	1
0.5	0	5.2	0
0.6	0.104517622	1.1	0.1
0	1.763395907	2.6	1.7
0	2.164997051	3.5	2.1
0.3	0.30404309	3.7	0.3
0	2.015964933	2.6	2
0	7.759760055	4	7.5
0	0.814819324	5	0.8
0	2.532208778	5.2	2.5
0	6.25232931	8.3	6.1
0	1.61188117	9.4	1.6
0	6.240211205	6	6.1
0	20.9606664	6.7	18.8
0	2.645640682	8	2.4
0	5.989105964	7.6	5.4
0	12.52041171	8	10.9
0	8.484846078	9.6	7.3
0	1.60064773	7.5	1.4
0	29.20464631	7.1	23.2
0	15.65237484	6.4	12
0	6.523958917	7.1	5
0	3.614237853	7.6	2.8
0	5.007836671	7.5	3.9
0	23.84716381	6.4	17.5
0	0.534642406	5.5	0.4
0.7	0.130870237	5.8	0.1
0.9	0	0.3	0
0.9	0	-2	0
0.9	0	-3.3	0
0.8	0	-1.1	0
0	6.507970085	0.7	5.2
0	0.245920864	3.5	0.2
0.1	0	5.4	0
0.2	0	4.8	0
0	3.64396022	4.6	3.1
0	2.689520793	2.3	2.3
0	0	0.2	0
0	0	-4	0
0.1	0	-6.3	0
0	4.322232502	-4.5	3.8
0.1	0	-2.1	0
0	0	-1.4	0
0	15.35296579	-1.1	13.1






